chr1	78550000	78650000	103750000	104650000
chr1	78400000	78500000	105900000	106100000
chr1	83600000	84200000	108450000	108550000
chr1	86500000	87150000	93550000	95650000
chr1	87250000	87300000	109100000	109400000
chr1	93550000	93800000	94800000	95600000
chr1	94050000	94950000	109100000	109400000
chr1	122500000	122700000	124500000	124800000
chr1	204800000	204950000	216000000	216250000
chr1	212400000	213050000	224500000	224950000
chr2	87100000	87700000	111250000	111850000
chr2	117750000	117900000	128600000	128900000
chr2	120550000	120600000	126400000	126800000
chr2	120450000	120700000	128050000	128450000
chr2	120500000	120550000	196950000	197050000
chr2	128600000	128900000	222300000	222450000
chr2	129850000	129900000	158700000	160550000
chr2	129850000	129950000	195250000	195650000
chr2	129850000	130150000	222150000	222450000
chr2	158350000	158650000	172800000	173150000
chr2	158350000	158400000	194500000	194600000
chr2	158350000	160250000	195250000	195700000
chr2	158350000	158950000	222150000	222550000
chr2	194500000	194600000	222150000	222500000
chr2	195300000	195650000	222150000	222450000
chr3	70050000	70350000	94250000	94800000
chr5	160400000	160550000	163300000	163450000
chr7	1000000	1200000	7450000	7800000
chr7	1000000	1050000	8450000	8550000
chr7	1000000	1050000	24100000	24200000
chr7	1000000	1050000	29150000	29250000
chr7	1000000	1050000	35500000	35800000
chr7	850000	900000	42450000	42900000
chr7	1000000	1050000	44150000	44350000
chr7	1000000	1050000	45900000	46350000
chr7	1000000	1050000	52500000	53300000
chr7	1000000	1200000	55650000	56050000
chr7	1000000	1050000	88100000	88300000
chr7	1000000	1050000	104900000	105300000
chr7	850000	900000	121700000	122050000
chr7	2850000	2900000	7500000	7800000
chr7	2850000	2900000	35500000	35750000
chr7	2850000	2900000	44200000	44350000
chr7	2850000	2900000	46150000	46350000
chr7	2850000	2900000	55750000	56000000
chr7	2850000	2900000	105000000	105300000
chr7	5400000	5450000	87600000	87900000
chr7	5400000	5450000	115300000	115550000
chr7	7500000	7550000	24100000	24200000
chr7	7450000	7500000	29150000	29300000
chr7	7450000	7500000	35500000	35800000
chr7	7450000	7500000	44150000	44350000
chr7	7450000	7500000	45900000	46400000
chr7	7450000	7750000	52500000	53350000
chr7	7450000	7900000	55550000	56050000
chr7	7450000	7500000	62800000	63000000
chr7	7850000	8000000	66150000	66550000
chr7	7450000	7500000	88100000	88300000
chr7	7450000	7500000	104900000	105300000
chr7	7550000	7600000	130300000	130500000
chr7	7450000	7500000	130800000	131050000
chr7	8450000	8500000	35550000	35750000
chr7	8450000	8500000	52500000	53150000
chr7	8450000	8500000	55650000	56000000
chr7	8500000	8550000	74000000	74100000
chr7	8450000	8500000	88100000	88300000
chr7	8450000	8500000	104900000	105300000
chr7	8450000	8500000	130300000	131050000
chr7	8950000	9250000	102250000	102500000
chr7	13250000	13300000	44650000	44950000
chr7	13200000	13300000	113250000	113450000
chr7	13200000	13250000	120800000	121200000
chr7	13850000	13900000	49850000	49950000
chr7	13900000	14000000	114700000	115050000
chr7	15150000	15200000	86850000	87050000
chr7	14650000	14900000	87300000	87750000
chr7	17000000	17200000	25450000	25750000
chr7	17200000	17450000	28400000	28750000
chr7	16400000	16550000	86850000	87550000
chr7	17000000	17200000	90450000	90750000
chr7	18200000	18250000	33050000	33200000
chr7	18200000	18250000	101750000	102300000
chr7	20600000	20700000	54750000	54900000
chr7	20200000	20250000	77900000	78150000
chr7	20200000	20250000	82000000	82150000
chr7	20650000	20800000	83350000	83550000
chr7	20450000	20550000	97050000	97450000
chr7	20050000	20100000	140500000	140850000
chr7	22500000	22550000	118400000	118800000
chr7	22500000	22600000	155200000	155450000
chr7	23300000	23400000	36050000	36200000
chr7	23300000	23350000	73300000	73650000
chr7	24100000	24150000	29150000	29300000
chr7	24100000	24150000	45900000	46350000
chr7	24100000	24150000	52800000	53300000
chr7	24100000	24150000	55700000	56050000
chr7	24100000	24150000	104900000	105250000
chr7	25450000	25500000	71950000	72050000
chr7	25900000	26000000	79100000	79300000
chr7	25450000	25500000	90450000	90750000
chr7	25950000	26000000	92100000	93250000
chr7	25450000	25500000	134500000	134650000
chr7	29150000	29200000	44150000	44350000
chr7	29150000	29200000	52500000	53300000
chr7	29150000	29200000	55650000	56050000
chr7	28450000	28550000	78400000	78600000
chr7	28450000	28500000	90450000	90750000
chr7	29150000	29200000	104850000	105300000
chr7	29150000	29200000	130300000	131050000
chr7	28850000	28900000	145500000	146150000
chr7	33050000	33100000	101800000	102100000
chr7	33000000	33050000	139900000	140500000
chr7	33900000	34100000	90800000	91100000
chr7	34350000	34450000	108250000	108400000
chr7	35500000	35550000	44150000	44350000
chr7	35500000	35550000	45900000	46400000
chr7	35500000	35600000	52500000	53300000
chr7	35500000	35600000	55650000	56050000
chr7	35550000	35600000	62800000	63000000
chr7	34800000	34850000	68650000	68900000
chr7	36050000	36100000	73300000	73650000
chr7	35500000	35600000	88100000	88300000
chr7	35500000	35650000	104850000	105300000
chr7	35150000	35250000	129700000	129850000
chr7	35500000	35600000	130300000	131050000
chr7	36050000	36100000	140550000	141100000
chr7	38900000	39200000	91850000	92000000
chr7	40950000	41050000	122250000	122400000
chr7	42250000	42300000	120850000	121250000
chr7	42450000	42500000	129950000	130150000
chr7	44150000	44200000	45900000	46350000
chr7	44150000	44200000	52500000	53300000
chr7	44150000	44200000	55650000	56050000
chr7	44150000	44200000	88100000	88300000
chr7	44150000	44250000	104850000	105300000
chr7	44600000	44650000	108300000	108400000
chr7	44600000	44650000	113250000	113450000
chr7	44150000	44200000	130300000	131050000
chr7	45900000	46250000	52500000	53300000
chr7	45900000	46500000	55500000	56050000
chr7	46150000	46200000	62800000	62950000
chr7	45900000	45950000	88100000	88300000
chr7	45900000	45950000	104850000	105300000
chr7	46400000	46500000	110400000	110550000
chr7	45900000	46050000	130300000	131050000
chr7	49850000	49950000	114700000	115300000
chr7	51500000	51900000	139350000	139900000
chr7	52500000	52550000	55700000	56050000
chr7	52500000	52850000	88050000	88350000
chr7	52500000	52550000	104900000	105250000
chr7	52500000	53150000	130300000	131050000
chr7	53850000	54050000	99700000	99900000
chr7	54750000	54900000	83350000	83550000
chr7	56050000	56250000	80900000	81250000
chr7	55650000	55700000	88100000	88300000
chr7	55650000	55950000	104850000	105350000
chr7	55650000	55750000	130300000	131050000
chr7	55550000	55600000	145800000	146100000
chr7	56050000	56250000	155200000	155450000
chr7	56800000	56900000	87650000	87850000
chr7	63200000	63250000	78600000	79150000
chr7	62800000	62900000	130300000	131050000
chr7	65900000	66000000	98000000	98150000
chr7	66200000	66300000	117200000	117350000
chr7	69200000	69450000	96400000	96650000
chr7	71150000	71250000	110400000	110550000
chr7	77350000	77400000	98000000	98150000
chr7	77350000	77450000	140550000	140750000
chr7	78400000	78450000	90450000	90750000
chr7	79100000	79150000	92100000	92300000
chr7	78600000	78650000	99750000	99900000
chr7	78400000	78500000	134500000	134700000
chr7	83050000	83400000	139350000	139900000
chr7	85850000	86050000	140950000	141100000
chr7	87850000	87900000	93200000	93350000
chr7	88100000	88150000	104900000	105300000
chr7	88100000	88150000	130300000	131050000
chr7	87650000	87700000	138950000	139100000
chr7	87650000	87700000	141350000	141650000
chr7	90000000	90450000	108450000	108700000
chr7	90850000	91100000	155700000	155800000
chr7	91850000	92000000	121050000	121250000
chr7	99750000	99900000	122250000	122400000
chr7	103250000	103350000	134500000	134800000
chr7	103150000	103350000	139350000	139700000
chr7	104850000	105300000	130300000	131100000
chr7	108400000	108550000	131800000	132200000
chr7	111900000	112200000	152200000	152450000
chr7	113300000	113450000	120800000	121150000
chr7	114700000	115500000	129000000	129300000
chr7	118550000	118800000	155700000	155850000
chr9	37400000	37600000	62800000	62900000
chr9	38450000	38700000	62800000	62950000
chr13	23450000	23750000	66400000	66700000
chr16	70100000	70200000	74250000	74500000
chr16	72800000	72950000	83650000	83850000
chr17	28950000	29400000	43650000	43850000
chr17	47700000	48050000	56050000	56600000
chrY	2800000	3100000	26300000	26500000
