chr1	87050000	87350000	93550000	94150000
chr1	86500000	86700000	95050000	95600000
chr1	122500000	122700000	124500000	124800000
chr2	15100000	15400000	15900000	16400000
chr7	1000000	1050000	35500000	35750000
chr7	1100000	1200000	44150000	44350000
chr7	1100000	1150000	55700000	56000000
chr7	7550000	7650000	44150000	44350000
chr7	7450000	7550000	45900000	46350000
chr7	7500000	7650000	55650000	56050000
chr7	8450000	8500000	88100000	88250000
chr7	8450000	8500000	104950000	105300000
chr7	8450000	8500000	130300000	130600000
chr7	29150000	29250000	55800000	56000000
chr7	44150000	44350000	55700000	56000000
chr7	62800000	63000000	130900000	131050000
chr7	88100000	88300000	130550000	131050000
chr7	104900000	105300000	130300000	130900000
chr16	70100000	70200000	74300000	74450000
